HDF5 "human_out_1.h5" {
GROUP "/" {
   DATASET "human_population" {
      DATATYPE  H5T_STD_I32LE
      DATASPACE  SIMPLE { ( 40, 8 ) / ( 40, 8 ) }
      DATA {
      (0,0): 4, 9, 9, 0, 2, 9, 7, 6,
      (1,0): 2, 10, 9, 7, 8, 7, 3, 2,
      (2,0): 9, 3, 2, 3, 4, 1, 2, 8,
      (3,0): 4, 5, 10, 8, 1, 2, 2, 6,
      (4,0): 0, 4, 0, 5, 0, 10, 5, 0,
      (5,0): 7, 4, 7, 4, 0, 8, 4, 7,
      (6,0): 0, 5, 8, 4, 8, 0, 10, 5,
      (7,0): 8, 7, 7, 9, 0, 9, 0, 0,
      (8,0): 3, 11, 5, 2, 12, 0, 1, 3,
      (9,0): 14, 0, 6, 3, 6, 3, 8, 5,
      (10,0): 9, 0, 0, 13, 4, 3, 14, 3,
      (11,0): 6, 3, 4, 7, 5, 4, 4, 2,
      (12,0): 1, 5, 2, 1, 2, 4, 7, 1,
      (13,0): 4, 10, 6, 6, 6, 1, 2, 1,
      (14,0): 8, 14, 3, 1, 5, 3, 9, 3,
      (15,0): 3, 4, 3, 9, 0, 1, 13, 2,
      (16,0): 5, 8, 0, 2, 11, 3, 2, 1,
      (17,0): 6, 9, 3, 8, 5, 0, 3, 10,
      (18,0): 0, 0, 4, 6, 9, 13, 6, 7,
      (19,0): 5, 8, 1, 6, 1, 1, 3, 9,
      (20,0): 5, 5, 7, 7, 0, 1, 4, 2,
      (21,0): 6, 4, 8, 7, 6, 6, 6, 3,
      (22,0): 8, 4, 6, 4, 2, 3, 6, 4,
      (23,0): 8, 3, 8, 0, 0, 3, 7, 4,
      (24,0): 5, 3, 2, 4, 0, 7, 4, 6,
      (25,0): 3, 14, 2, 8, 8, 2, 6, 3,
      (26,0): 9, 0, 1, 4, 3, 4, 4, 5,
      (27,0): 5, 1, 0, 5, 8, 3, 8, 8,
      (28,0): 7, 0, 6, 21, 0, 0, 1, 5,
      (29,0): 1, 2, 1, 8, 4, 3, 0, 8,
      (30,0): 10, 3, 0, 5, 5, 6, 5, 3,
      (31,0): 10, 0, 1, 10, 2, 3, 7, 4,
      (32,0): 2, 6, 5, 9, 5, 3, 8, 0,
      (33,0): 6, 14, 0, 0, 4, 6, 13, 4,
      (34,0): 6, 7, 1, 0, 0, 1, 4, 3,
      (35,0): 1, 1, 7, 18, 6, 0, 5, 9,
      (36,0): 15, 4, 3, 10, 1, 1, 9, 3,
      (37,0): 14, 0, 2, 4, 7, 3, 1, 0,
      (38,0): 8, 1, 0, 5, 8, 8, 1, 0,
      (39,0): 0, 2, 0, 4, 5, 7, 6, 5
      }
   }
}
}
